{
  "meta": {
    "version": "3.0.0",
    "name": "2026_01_29_motion_markers_001",
    "capture": {
      "fps": 15,
      "number_frames": 191,
      "timestamp": "2026.01.29 14:37",
      "number_cameras": {
        "color": 34
      }
    },
    "calibration": {
      "coordinate_system": "Camera poses relative to center of the stage (determined by center of bounding box of all cameras as well as height and rotation of board_pose[82]). Extrinsics use OpenCV coordinate system (x right, y down, z forward into the scene)",
      "matrix_layout": "row_major",
      "timestamp": "2026.01.29 12:15"
    }
  },
  "cameras": [
    {
      "camera_id": "C0004",
      "camera_type": "color",
      "colorspace": "sRGB (IEC 61966-2-1)",
      "extrinsics": {
        "view_matrix": [
          0.928220898733547,
          0.009458884967235117,
          0.37190925324528173,
          -0.07768180319582174,
          0.03714265405195681,
          0.9923258733073252,
          -0.1179397490875369,
          1.2117875414556916,
          -0.37017075303738295,
          0.12328783662645358,
          0.920746285865822,
          2.6445021922216108,
          0.0,
          0.0,
          0.0,
          1.0
        ]
      },
      "intrinsics": {
        "camera_matrix": [
          4566.220703125,
          0.0,
          2331.96337890625,
          0.0,
          4566.7294921875,
          2641.86328125,
          0.0,
          0.0,
          1.0
        ],
        "color_correction_matrix": [
          1.0,
          0.0,
          0.0,
          0.0,
          1.0,
          0.0,
          0.0,
          0.0,
          1.0
        ],
        "distortion_coefficients": [
          0.0,
          0.0,
          0.0,
          -0.0,
          0.0
        ],
        "resolution": [
          4608,
          5328
        ],
        "white_balance_coefficients": [
          1.0,
          1.0,
          1.0
        ]
      }
    },
    {
      "camera_id": "C0007",
      "camera_type": "color",
      "colorspace": "sRGB (IEC 61966-2-1)",
      "extrinsics": {
        "view_matrix": [
          0.11764048170078978,
          0.005134795255807552,
          0.9930429753756317,
          -0.02922550058513733,
          0.04299838241240404,
          0.99902246307684,
          -0.010259501830067696,
          1.4153892774959809,
          -0.992124919642241,
          0.04390617434445224,
          0.11730469589625014,
          2.535362501842522,
          0.0,
          0.0,
          0.0,
          1.0
        ]
      },
      "intrinsics": {
        "camera_matrix": [
          4576.9609375,
          0.0,
          2377.929931640625,
          0.0,
          4578.1240234375,
          2654.88330078125,
          0.0,
          0.0,
          1.0
        ],
        "color_correction_matrix": [
          1.0,
          0.0,
          0.0,
          0.0,
          1.0,
          0.0,
          0.0,
          0.0,
          1.0
        ],
        "distortion_coefficients": [
          0.0,
          0.0,
          0.0,
          -0.0,
          0.0
        ],
        "resolution": [
          4608,
          5328
        ],
        "white_balance_coefficients": [
          1.0,
          1.0,
          1.0
        ]
      }
    },
    {
      "camera_id": "C0018",
      "camera_type": "color",
      "colorspace": "sRGB (IEC 61966-2-1)",
      "extrinsics": {
        "view_matrix": [
          0.6740357586844873,
          0.005474522297748901,
          0.738678431809295,
          -0.27226740242823844,
          0.1421002834064916,
          0.9803354386447676,
          -0.13693041003723633,
          1.01366526012736,
          -0.7249022730481831,
          0.19726240732279007,
          0.6600032099821901,
          2.71677706062424,
          0.0,
          0.0,
          0.0,
          1.0
        ]
      },
      "intrinsics": {
        "camera_matrix": [
          4559.1572265625,
          0.0,
          2404.6982421875,
          0.0,
          4559.92431640625,
          2605.940673828125,
          0.0,
          0.0,
          1.0
        ],
        "color_correction_matrix": [
          1.0,
          0.0,
          0.0,
          0.0,
          1.0,
          0.0,
          0.0,
          0.0,
          1.0
        ],
        "distortion_coefficients": [
          0.0,
          0.0,
          0.0,
          -0.0,
          0.0
        ],
        "resolution": [
          4608,
          5328
        ],
        "white_balance_coefficients": [
          1.0,
          1.0,
          1.0
        ]
      }
    },
    {
      "camera_id": "C0034",
      "camera_type": "color",
      "colorspace": "sRGB (IEC 61966-2-1)",
      "extrinsics": {
        "view_matrix": [
          0.9943203080903008,
          0.015461620913591363,
          -0.10529987273465337,
          0.02544879443505088,
          -0.026360867597330515,
          0.9943407013327974,
          -0.10291586045171537,
          1.2675141340508407,
          0.10311270328492915,
          0.10510712607490191,
          0.989100734237696,
          2.629718804787374,
          0.0,
          0.0,
          0.0,
          1.0
        ]
      },
      "intrinsics": {
        "camera_matrix": [
          4567.72705078125,
          0.0,
          2252.682861328125,
          0.0,
          4567.7607421875,
          2658.7265625,
          0.0,
          0.0,
          1.0
        ],
        "color_correction_matrix": [
          1.0,
          0.0,
          0.0,
          0.0,
          1.0,
          0.0,
          0.0,
          0.0,
          1.0
        ],
        "distortion_coefficients": [
          0.0,
          0.0,
          0.0,
          -0.0,
          0.0
        ],
        "resolution": [
          4608,
          5328
        ],
        "white_balance_coefficients": [
          1.0,
          1.0,
          1.0
        ]
      }
    },
    {
      "camera_id": "C0005",
      "camera_type": "color",
      "colorspace": "sRGB (IEC 61966-2-1)",
      "extrinsics": {
        "view_matrix": [
          -0.6162617880978996,
          0.010713019806354333,
          -0.7874685007903542,
          -0.08489888639021254,
          -0.07031966951043334,
          0.9951649754646402,
          0.06856978699402112,
          1.2775316621668888,
          0.7843956607543943,
          0.09763146426788168,
          -0.6125288112199998,
          2.6204900240590514,
          0.0,
          0.0,
          0.0,
          1.0
        ]
      },
      "intrinsics": {
        "camera_matrix": [
          4566.38818359375,
          0.0,
          2276.427001953125,
          0.0,
          4566.68212890625,
          2670.4296875,
          0.0,
          0.0,
          1.0
        ],
        "color_correction_matrix": [
          1.0,
          0.0,
          0.0,
          0.0,
          1.0,
          0.0,
          0.0,
          0.0,
          1.0
        ],
        "distortion_coefficients": [
          0.0,
          0.0,
          0.0,
          -0.0,
          0.0
        ],
        "resolution": [
          4608,
          5328
        ],
        "white_balance_coefficients": [
          1.0,
          1.0,
          1.0
        ]
      }
    },
    {
      "camera_id": "C0006",
      "camera_type": "color",
      "colorspace": "sRGB (IEC 61966-2-1)",
      "extrinsics": {
        "view_matrix": [
          0.7819829209655601,
          0.008663415863656296,
          -0.6232396461584772,
          -0.09923890571325023,
          -0.055433396852985366,
          0.99690782102347,
          -0.055695016793037004,
          1.3390088156848974,
          0.6208299685352745,
          0.07810084255506196,
          0.7800451323870173,
          2.5969823556070004,
          0.0,
          0.0,
          0.0,
          1.0
        ]
      },
      "intrinsics": {
        "camera_matrix": [
          4564.37939453125,
          0.0,
          2324.2978515625,
          0.0,
          4564.2236328125,
          2684.266845703125,
          0.0,
          0.0,
          1.0
        ],
        "color_correction_matrix": [
          1.0,
          0.0,
          0.0,
          0.0,
          1.0,
          0.0,
          0.0,
          0.0,
          1.0
        ],
        "distortion_coefficients": [
          0.0,
          0.0,
          0.0,
          -0.0,
          0.0
        ],
        "resolution": [
          4608,
          5328
        ],
        "white_balance_coefficients": [
          1.0,
          1.0,
          1.0
        ]
      }
    },
    {
      "camera_id": "C0008",
      "camera_type": "color",
      "colorspace": "sRGB (IEC 61966-2-1)",
      "extrinsics": {
        "view_matrix": [
          0.3981956177441118,
          0.012897768157442506,
          -0.9172098438121683,
          -0.006029136392819212,
          -0.11851630306796934,
          0.9922437557301778,
          -0.03749953495141974,
          1.210538036019104,
          0.9096120799090602,
          0.12363647031126516,
          0.3966357110655635,
          2.6560718795862304,
          0.0,
          0.0,
          0.0,
          1.0
        ]
      },
      "intrinsics": {
        "camera_matrix": [
          4575.00830078125,
          0.0,
          2316.88916015625,
          0.0,
          4575.2744140625,
          2632.712158203125,
          0.0,
          0.0,
          1.0
        ],
        "color_correction_matrix": [
          1.0,
          0.0,
          0.0,
          0.0,
          1.0,
          0.0,
          0.0,
          0.0,
          1.0
        ],
        "distortion_coefficients": [
          0.0,
          0.0,
          0.0,
          -0.0,
          0.0
        ],
        "resolution": [
          4608,
          5328
        ],
        "white_balance_coefficients": [
          1.0,
          1.0,
          1.0
        ]
      }
    },
    {
      "camera_id": "C0026",
      "camera_type": "color",
      "colorspace": "sRGB (IEC 61966-2-1)",
      "extrinsics": {
        "view_matrix": [
          -0.16213566710545874,
          0.0011522745288021603,
          -0.9867678033436631,
          -0.15301000726887123,
          -0.05414781851538343,
          0.998482223333616,
          0.010062973555743116,
          1.3939773371944708,
          0.9852817055047216,
          0.0550628908628012,
          -0.16182718822107192,
          2.563572873251835,
          0.0,
          0.0,
          0.0,
          1.0
        ]
      },
      "intrinsics": {
        "camera_matrix": [
          4574.5859375,
          0.0,
          2343.840087890625,
          0.0,
          4575.484375,
          2655.87158203125,
          0.0,
          0.0,
          1.0
        ],
        "color_correction_matrix": [
          1.0,
          0.0,
          0.0,
          0.0,
          1.0,
          0.0,
          0.0,
          0.0,
          1.0
        ],
        "distortion_coefficients": [
          0.0,
          0.0,
          0.0,
          -0.0,
          0.0
        ],
        "resolution": [
          4608,
          5328
        ],
        "white_balance_coefficients": [
          1.0,
          1.0,
          1.0
        ]
      }
    },
    {
      "camera_id": "C0012",
      "camera_type": "color",
      "colorspace": "sRGB (IEC 61966-2-1)",
      "extrinsics": {
        "view_matrix": [
          -0.8048291360733212,
          0.01608000038078957,
          0.5932887116027286,
          -0.002493424024599178,
          0.081717664178551,
          0.9931146126531002,
          0.08393800984110007,
          1.2274685864779238,
          -0.587853965784593,
          0.11603792363980348,
          -0.8006015957944937,
          2.6352219563812116,
          0.0,
          0.0,
          0.0,
          1.0
        ]
      },
      "intrinsics": {
        "camera_matrix": [
          4583.15625,
          0.0,
          2349.98193359375,
          0.0,
          4583.57177734375,
          2622.410400390625,
          0.0,
          0.0,
          1.0
        ],
        "color_correction_matrix": [
          1.0,
          0.0,
          0.0,
          0.0,
          1.0,
          0.0,
          0.0,
          0.0,
          1.0
        ],
        "distortion_coefficients": [
          0.0,
          0.0,
          0.0,
          -0.0,
          0.0
        ],
        "resolution": [
          4608,
          5328
        ],
        "white_balance_coefficients": [
          1.0,
          1.0,
          1.0
        ]
      }
    },
    {
      "camera_id": "C0028",
      "camera_type": "color",
      "colorspace": "sRGB (IEC 61966-2-1)",
      "extrinsics": {
        "view_matrix": [
          -0.9215790273936731,
          0.02133124153883736,
          -0.3876042755214957,
          -0.03250555406328415,
          -0.040009898103755166,
          0.987952022867772,
          0.14949919252358818,
          1.123731636918498,
          0.3861234314592406,
          0.15328332801022274,
          -0.9096224035456976,
          2.6802224221864632,
          0.0,
          0.0,
          0.0,
          1.0
        ]
      },
      "intrinsics": {
        "camera_matrix": [
          4568.8837890625,
          0.0,
          2328.48046875,
          0.0,
          4569.29833984375,
          2652.111572265625,
          0.0,
          0.0,
          1.0
        ],
        "color_correction_matrix": [
          1.0,
          0.0,
          0.0,
          0.0,
          1.0,
          0.0,
          0.0,
          0.0,
          1.0
        ],
        "distortion_coefficients": [
          0.0,
          0.0,
          0.0,
          -0.0,
          0.0
        ],
        "resolution": [
          4608,
          5328
        ],
        "white_balance_coefficients": [
          1.0,
          1.0,
          1.0
        ]
      }
    },
    {
      "camera_id": "C0029",
      "camera_type": "color",
      "colorspace": "sRGB (IEC 61966-2-1)",
      "extrinsics": {
        "view_matrix": [
          -0.9801773448296454,
          0.005886445268741946,
          0.1980346496065898,
          -0.06408939221217347,
          0.028482572338719557,
          0.9933619916264201,
          0.11144817928060516,
          1.240718481344111,
          -0.19606406033660612,
          0.11487951668635459,
          -0.9738385805102576,
          2.474673766457725,
          0.0,
          0.0,
          0.0,
          1.0
        ]
      },
      "intrinsics": {
        "camera_matrix": [
          4568.4111328125,
          0.0,
          2348.552734375,
          0.0,
          4569.2841796875,
          2630.628173828125,
          0.0,
          0.0,
          1.0
        ],
        "color_correction_matrix": [
          1.0,
          0.0,
          0.0,
          0.0,
          1.0,
          0.0,
          0.0,
          0.0,
          1.0
        ],
        "distortion_coefficients": [
          0.0,
          0.0,
          0.0,
          -0.0,
          0.0
        ],
        "resolution": [
          4608,
          5328
        ],
        "white_balance_coefficients": [
          1.0,
          1.0,
          1.0
        ]
      }
    },
    {
      "camera_id": "C0038",
      "camera_type": "color",
      "colorspace": "sRGB (IEC 61966-2-1)",
      "extrinsics": {
        "view_matrix": [
          -0.3375932285878813,
          0.0007357201664595391,
          0.9412918095508147,
          -0.021706178395997366,
          0.10532219032951007,
          0.9937496974007409,
          0.036996961228329746,
          1.2516403957749447,
          -0.9353812314964447,
          0.1116288387101324,
          -0.3355606564131474,
          2.468028516028744,
          0.0,
          0.0,
          0.0,
          1.0
        ]
      },
      "intrinsics": {
        "camera_matrix": [
          4575.509765625,
          0.0,
          2398.9130859375,
          0.0,
          4576.20751953125,
          2629.662841796875,
          0.0,
          0.0,
          1.0
        ],
        "color_correction_matrix": [
          1.0,
          0.0,
          0.0,
          0.0,
          1.0,
          0.0,
          0.0,
          0.0,
          1.0
        ],
        "distortion_coefficients": [
          0.0,
          0.0,
          0.0,
          -0.0,
          0.0
        ],
        "resolution": [
          4608,
          5328
        ],
        "white_balance_coefficients": [
          1.0,
          1.0,
          1.0
        ]
      }
    },
    {
      "camera_id": "C0025",
      "camera_type": "color",
      "colorspace": "sRGB (IEC 61966-2-1)",
      "extrinsics": {
        "view_matrix": [
          -0.2283402371171658,
          -0.00350917247928197,
          0.9735750725145886,
          -0.02941632947178846,
          0.5137603484153501,
          0.8489900618820517,
          0.12355638074032205,
          1.0116504617819007,
          -0.8269891417119176,
          0.528397161739179,
          -0.1920557183646596,
          3.547144955921367,
          0.0,
          0.0,
          0.0,
          1.0
        ]
      },
      "intrinsics": {
        "camera_matrix": [
          4555.9111328125,
          0.0,
          2246.73779296875,
          0.0,
          4555.2822265625,
          2668.725830078125,
          0.0,
          0.0,
          1.0
        ],
        "color_correction_matrix": [
          1.0,
          0.0,
          0.0,
          0.0,
          1.0,
          0.0,
          0.0,
          0.0,
          1.0
        ],
        "distortion_coefficients": [
          0.0,
          0.0,
          -0.0,
          0.0,
          0.0
        ],
        "resolution": [
          4608,
          5328
        ],
        "white_balance_coefficients": [
          1.0,
          1.0,
          1.0
        ]
      }
    },
    {
      "camera_id": "C1005",
      "camera_type": "color",
      "colorspace": "sRGB (IEC 61966-2-1)",
      "extrinsics": {
        "view_matrix": [
          -0.0798406766805481,
          4.4035436975092024e-05,
          0.996807636612036,
          -0.014828395735424958,
          -0.16895334146246754,
          0.9855305465917842,
          -0.013576087181745449,
          1.3151987416819213,
          -0.9823849727860557,
          -0.16949790498817313,
          -0.07867798579501874,
          2.309094446396793,
          0.0,
          0.0,
          0.0,
          1.0
        ]
      },
      "intrinsics": {
        "camera_matrix": [
          4571.02783203125,
          0.0,
          2255.1591796875,
          0.0,
          4571.66796875,
          2677.937744140625,
          0.0,
          0.0,
          1.0
        ],
        "color_correction_matrix": [
          1.0,
          0.0,
          0.0,
          0.0,
          1.0,
          0.0,
          0.0,
          0.0,
          1.0
        ],
        "distortion_coefficients": [
          0.0,
          0.0,
          -0.0,
          0.0,
          0.0
        ],
        "resolution": [
          4608,
          5328
        ],
        "white_balance_coefficients": [
          1.0,
          1.0,
          1.0
        ]
      }
    },
    {
      "camera_id": "C0010",
      "camera_type": "color",
      "colorspace": "sRGB (IEC 61966-2-1)",
      "extrinsics": {
        "view_matrix": [
          0.25882233157916573,
          -0.0011341863565858482,
          0.9659242797948674,
          0.07022663756896286,
          -0.4080821411023644,
          0.9062441102786118,
          0.11041095370767066,
          1.1166779363936434,
          -0.8754884161365215,
          -0.42275326871194724,
          0.23409337240539216,
          2.2124089452628484,
          0.0,
          0.0,
          0.0,
          1.0
        ]
      },
      "intrinsics": {
        "camera_matrix": [
          4570.6826171875,
          0.0,
          2247.664306640625,
          0.0,
          4571.439453125,
          2681.47412109375,
          0.0,
          0.0,
          1.0
        ],
        "color_correction_matrix": [
          1.0,
          0.0,
          0.0,
          0.0,
          1.0,
          0.0,
          0.0,
          0.0,
          1.0
        ],
        "distortion_coefficients": [
          0.0,
          0.0,
          -0.0,
          0.0,
          0.0
        ],
        "resolution": [
          4608,
          5328
        ],
        "white_balance_coefficients": [
          1.0,
          1.0,
          1.0
        ]
      }
    },
    {
      "camera_id": "C0016",
      "camera_type": "color",
      "colorspace": "sRGB (IEC 61966-2-1)",
      "extrinsics": {
        "view_matrix": [
          0.4629588934901472,
          -0.001186778171145702,
          0.8863789564830334,
          -0.009032357247577949,
          0.3212505425377565,
          0.9322348458012407,
          -0.16654213038487967,
          1.0871010966238028,
          -0.8261157012535085,
          0.3618518810667006,
          0.4319676658164528,
          3.0894155538961083,
          0.0,
          0.0,
          0.0,
          1.0
        ]
      },
      "intrinsics": {
        "camera_matrix": [
          4561.177734375,
          0.0,
          2311.682373046875,
          0.0,
          4561.76904296875,
          2630.23779296875,
          0.0,
          0.0,
          1.0
        ],
        "color_correction_matrix": [
          1.0,
          0.0,
          0.0,
          0.0,
          1.0,
          0.0,
          0.0,
          0.0,
          1.0
        ],
        "distortion_coefficients": [
          0.0,
          0.0,
          0.0,
          -0.0,
          0.0
        ],
        "resolution": [
          4608,
          5328
        ],
        "white_balance_coefficients": [
          1.0,
          1.0,
          1.0
        ]
      }
    },
    {
      "camera_id": "C0020",
      "camera_type": "color",
      "colorspace": "sRGB (IEC 61966-2-1)",
      "extrinsics": {
        "view_matrix": [
          0.8226256586594028,
          -0.0014328878418507762,
          0.5685815443255409,
          -0.007330783439971289,
          -0.09934648053350073,
          0.984251685677988,
          0.14621523876000903,
          1.3287687058398105,
          -0.5598368534857195,
          -0.17676698241603944,
          0.8095283388533949,
          2.3047366646258536,
          0.0,
          0.0,
          0.0,
          1.0
        ]
      },
      "intrinsics": {
        "camera_matrix": [
          4575.365234375,
          0.0,
          2248.8212890625,
          0.0,
          4576.0146484375,
          2710.8564453125,
          0.0,
          0.0,
          1.0
        ],
        "color_correction_matrix": [
          1.0,
          0.0,
          0.0,
          0.0,
          1.0,
          0.0,
          0.0,
          0.0,
          1.0
        ],
        "distortion_coefficients": [
          0.0,
          0.0,
          -0.0,
          0.0,
          0.0
        ],
        "resolution": [
          4608,
          5328
        ],
        "white_balance_coefficients": [
          1.0,
          1.0,
          1.0
        ]
      }
    },
    {
      "camera_id": "C0039",
      "camera_type": "color",
      "colorspace": "sRGB (IEC 61966-2-1)",
      "extrinsics": {
        "view_matrix": [
          0.6912936363301398,
          4.4823828853536296e-05,
          0.7225739452542395,
          0.12604064856499902,
          0.3915594795303164,
          0.8404227148618097,
          -0.3746609591807678,
          0.9574233650342197,
          -0.6072843504976891,
          0.5419314147889285,
          0.5809613234161721,
          3.5686219616661567,
          0.0,
          0.0,
          0.0,
          1.0
        ]
      },
      "intrinsics": {
        "camera_matrix": [
          4563.30712890625,
          0.0,
          2273.477294921875,
          0.0,
          4562.9404296875,
          2650.434326171875,
          0.0,
          0.0,
          1.0
        ],
        "color_correction_matrix": [
          1.0,
          0.0,
          0.0,
          0.0,
          1.0,
          0.0,
          0.0,
          0.0,
          1.0
        ],
        "distortion_coefficients": [
          0.0,
          0.0,
          -0.0,
          0.0,
          0.0
        ],
        "resolution": [
          4608,
          5328
        ],
        "white_balance_coefficients": [
          1.0,
          1.0,
          1.0
        ]
      }
    },
    {
      "camera_id": "C0009",
      "camera_type": "color",
      "colorspace": "sRGB (IEC 61966-2-1)",
      "extrinsics": {
        "view_matrix": [
          0.9988383406741596,
          -0.006151972391755968,
          0.0477924935003692,
          -0.0021757159538947635,
          0.022921810751858313,
          0.9330768564228815,
          -0.3589459159815711,
          1.0980142171789373,
          -0.0423858442306833,
          0.3596244336021736,
          0.9321339533378065,
          3.0978972846629764,
          0.0,
          0.0,
          0.0,
          1.0
        ]
      },
      "intrinsics": {
        "camera_matrix": [
          4566.9775390625,
          0.0,
          2369.541015625,
          0.0,
          4566.84375,
          2671.010009765625,
          0.0,
          0.0,
          1.0
        ],
        "color_correction_matrix": [
          1.0,
          0.0,
          0.0,
          0.0,
          1.0,
          0.0,
          0.0,
          0.0,
          1.0
        ],
        "distortion_coefficients": [
          0.0,
          0.0,
          0.0,
          -0.0,
          0.0
        ],
        "resolution": [
          4608,
          5328
        ],
        "white_balance_coefficients": [
          1.0,
          1.0,
          1.0
        ]
      }
    },
    {
      "camera_id": "C1002",
      "camera_type": "color",
      "colorspace": "sRGB (IEC 61966-2-1)",
      "extrinsics": {
        "view_matrix": [
          0.9749064443491129,
          0.0005887557590345964,
          0.22261419122155407,
          -0.020368031422996924,
          -0.10378235269126253,
          0.8858800500875406,
          0.452156787106821,
          1.2235084689844213,
          -0.19694326095715192,
          -0.46391399011406503,
          0.8637112722084913,
          2.1616189105082695,
          0.0,
          0.0,
          0.0,
          1.0
        ]
      },
      "intrinsics": {
        "camera_matrix": [
          4569.3974609375,
          0.0,
          2238.33251953125,
          0.0,
          4569.56298828125,
          2693.541259765625,
          0.0,
          0.0,
          1.0
        ],
        "color_correction_matrix": [
          1.0,
          0.0,
          0.0,
          0.0,
          1.0,
          0.0,
          0.0,
          0.0,
          1.0
        ],
        "distortion_coefficients": [
          0.0,
          0.0,
          -0.0,
          0.0,
          0.0
        ],
        "resolution": [
          4608,
          5328
        ],
        "white_balance_coefficients": [
          1.0,
          1.0,
          1.0
        ]
      }
    },
    {
      "camera_id": "C0021",
      "camera_type": "color",
      "colorspace": "sRGB (IEC 61966-2-1)",
      "extrinsics": {
        "view_matrix": [
          0.9093658203980256,
          -0.003290055108455105,
          -0.41598435094268754,
          0.023095218481936852,
          0.07228538823608281,
          0.9860062297169003,
          0.15022162829307045,
          1.3169986412152186,
          0.40966892405866545,
          -0.16667600456228238,
          0.8968781869149061,
          2.326489771662283,
          0.0,
          0.0,
          0.0,
          1.0
        ]
      },
      "intrinsics": {
        "camera_matrix": [
          4565.34521484375,
          0.0,
          2251.762939453125,
          0.0,
          4565.63232421875,
          2679.75927734375,
          0.0,
          0.0,
          1.0
        ],
        "color_correction_matrix": [
          1.0,
          0.0,
          0.0,
          0.0,
          1.0,
          0.0,
          0.0,
          0.0,
          1.0
        ],
        "distortion_coefficients": [
          0.0,
          0.0,
          -0.0,
          0.0,
          0.0
        ],
        "resolution": [
          4608,
          5328
        ],
        "white_balance_coefficients": [
          1.0,
          1.0,
          1.0
        ]
      }
    },
    {
      "camera_id": "C0031",
      "camera_type": "color",
      "colorspace": "sRGB (IEC 61966-2-1)",
      "extrinsics": {
        "view_matrix": [
          0.9591361392352147,
          -0.05571539067619249,
          -0.27740523004220013,
          -0.13088382375813812,
          -0.10287646796902103,
          0.8446494096545967,
          -0.5253416099152628,
          1.0027514068040557,
          0.2635797768251309,
          0.5324125937766125,
          0.8044019711791324,
          3.563671063301764,
          0.0,
          0.0,
          0.0,
          1.0
        ]
      },
      "intrinsics": {
        "camera_matrix": [
          4564.3583984375,
          0.0,
          2275.60791015625,
          0.0,
          4564.02099609375,
          2683.82958984375,
          0.0,
          0.0,
          1.0
        ],
        "color_correction_matrix": [
          1.0,
          0.0,
          0.0,
          0.0,
          1.0,
          0.0,
          0.0,
          0.0,
          1.0
        ],
        "distortion_coefficients": [
          0.0,
          0.0,
          -0.0,
          0.0,
          0.0
        ],
        "resolution": [
          4608,
          5328
        ],
        "white_balance_coefficients": [
          1.0,
          1.0,
          1.0
        ]
      }
    },
    {
      "camera_id": "C1004",
      "camera_type": "color",
      "colorspace": "sRGB (IEC 61966-2-1)",
      "extrinsics": {
        "view_matrix": [
          0.6909567543528412,
          0.007218133117956336,
          -0.7228600571123567,
          0.010384389308591757,
          0.33347159047257374,
          0.8840176579047667,
          0.3275812553554664,
          1.2715949237904627,
          0.6413855797894744,
          -0.46739777392159537,
          0.6084109293653901,
          2.1453631379071227,
          0.0,
          0.0,
          0.0,
          1.0
        ]
      },
      "intrinsics": {
        "camera_matrix": [
          4550.10498046875,
          0.0,
          2250.13818359375,
          0.0,
          4550.12939453125,
          2693.984130859375,
          0.0,
          0.0,
          1.0
        ],
        "color_correction_matrix": [
          1.0,
          0.0,
          0.0,
          0.0,
          1.0,
          0.0,
          0.0,
          0.0,
          1.0
        ],
        "distortion_coefficients": [
          0.0,
          0.0,
          -0.0,
          0.0,
          0.0
        ],
        "resolution": [
          4608,
          5328
        ],
        "white_balance_coefficients": [
          1.0,
          1.0,
          1.0
        ]
      }
    },
    {
      "camera_id": "C0019",
      "camera_type": "color",
      "colorspace": "sRGB (IEC 61966-2-1)",
      "extrinsics": {
        "view_matrix": [
          0.20417384830650318,
          0.03461843026563915,
          -0.9783223415386444,
          0.021852171875476223,
          -0.5361818839493652,
          0.840093207546333,
          -0.0821729271659666,
          0.9555353683828849,
          0.8190372561686206,
          0.54133627896203,
          0.19008683828008888,
          3.5752447130072795,
          0.0,
          0.0,
          0.0,
          1.0
        ]
      },
      "intrinsics": {
        "camera_matrix": [
          4565.7314453125,
          0.0,
          2324.828857421875,
          0.0,
          4565.89501953125,
          2727.23974609375,
          0.0,
          0.0,
          1.0
        ],
        "color_correction_matrix": [
          1.0,
          0.0,
          0.0,
          0.0,
          1.0,
          0.0,
          0.0,
          0.0,
          1.0
        ],
        "distortion_coefficients": [
          0.0,
          0.0,
          -0.0,
          0.0,
          0.0
        ],
        "resolution": [
          4608,
          5328
        ],
        "white_balance_coefficients": [
          1.0,
          1.0,
          1.0
        ]
      }
    },
    {
      "camera_id": "C0037",
      "camera_type": "color",
      "colorspace": "sRGB (IEC 61966-2-1)",
      "extrinsics": {
        "view_matrix": [
          0.10647459496188137,
          -0.0011026501385241277,
          -0.9943148117122542,
          0.04225409142545314,
          0.1484259531652608,
          0.9888128100107094,
          0.01479740469503077,
          1.2715255731804045,
          0.983174906644127,
          -0.1491576713461186,
          0.10544710533682854,
          2.3533178371930843,
          0.0,
          0.0,
          0.0,
          1.0
        ]
      },
      "intrinsics": {
        "camera_matrix": [
          4564.49560546875,
          0.0,
          2261.037109375,
          0.0,
          4565.08056640625,
          2658.908203125,
          0.0,
          0.0,
          1.0
        ],
        "color_correction_matrix": [
          1.0,
          0.0,
          0.0,
          0.0,
          1.0,
          0.0,
          0.0,
          0.0,
          1.0
        ],
        "distortion_coefficients": [
          0.0,
          0.0,
          -0.0,
          0.0,
          0.0
        ],
        "resolution": [
          4608,
          5328
        ],
        "white_balance_coefficients": [
          1.0,
          1.0,
          1.0
        ]
      }
    },
    {
      "camera_id": "C0013",
      "camera_type": "color",
      "colorspace": "sRGB (IEC 61966-2-1)",
      "extrinsics": {
        "view_matrix": [
          -0.19820178524797527,
          0.016746266803018047,
          -0.9800181706849511,
          0.0483020072230565,
          0.45333577508393047,
          0.8880501183710163,
          -0.07650923009857233,
          1.1113517688448735,
          0.8690240085023934,
          -0.45944156299728295,
          -0.1836048006917197,
          2.0269379666807597,
          0.0,
          0.0,
          0.0,
          1.0
        ]
      },
      "intrinsics": {
        "camera_matrix": [
          4561.236328125,
          0.0,
          2353.865234375,
          0.0,
          4561.0615234375,
          2686.333251953125,
          0.0,
          0.0,
          1.0
        ],
        "color_correction_matrix": [
          1.0,
          0.0,
          0.0,
          0.0,
          1.0,
          0.0,
          0.0,
          0.0,
          1.0
        ],
        "distortion_coefficients": [
          0.0,
          0.0,
          0.0,
          -0.0,
          0.0
        ],
        "resolution": [
          4608,
          5328
        ],
        "white_balance_coefficients": [
          1.0,
          1.0,
          1.0
        ]
      }
    },
    {
      "camera_id": "C0014",
      "camera_type": "color",
      "colorspace": "sRGB (IEC 61966-2-1)",
      "extrinsics": {
        "view_matrix": [
          -0.46910532671893457,
          -0.008821529861244811,
          -0.8830981672808691,
          -0.04781504075476245,
          -0.2934727680363135,
          0.9446819668345553,
          0.14645721545455206,
          1.196870145945328,
          0.8329549368753552,
          0.327869123505865,
          -0.445744221484104,
          3.064394169342454,
          0.0,
          0.0,
          0.0,
          1.0
        ]
      },
      "intrinsics": {
        "camera_matrix": [
          4566.10693359375,
          0.0,
          2294.06787109375,
          0.0,
          4566.1015625,
          2644.468017578125,
          0.0,
          0.0,
          1.0
        ],
        "color_correction_matrix": [
          1.0,
          0.0,
          0.0,
          0.0,
          1.0,
          0.0,
          0.0,
          0.0,
          1.0
        ],
        "distortion_coefficients": [
          0.0,
          0.0,
          0.0,
          -0.0,
          0.0
        ],
        "resolution": [
          4608,
          5328
        ],
        "white_balance_coefficients": [
          1.0,
          1.0,
          1.0
        ]
      }
    },
    {
      "camera_id": "C0024",
      "camera_type": "color",
      "colorspace": "sRGB (IEC 61966-2-1)",
      "extrinsics": {
        "view_matrix": [
          -0.6879834177873033,
          0.008573621693835723,
          -0.7256757608331372,
          0.15195335464882076,
          -0.4205884163684712,
          0.8101756508860404,
          0.40831458304601775,
          0.7485914629530228,
          0.5914255666323219,
          0.5861244814221914,
          -0.553781447333878,
          3.619507874030232,
          0.0,
          0.0,
          0.0,
          1.0
        ]
      },
      "intrinsics": {
        "camera_matrix": [
          4570.80224609375,
          0.0,
          2212.725341796875,
          0.0,
          4569.50244140625,
          2739.84765625,
          0.0,
          0.0,
          1.0
        ],
        "color_correction_matrix": [
          1.0,
          0.0,
          0.0,
          0.0,
          1.0,
          0.0,
          0.0,
          0.0,
          1.0
        ],
        "distortion_coefficients": [
          0.0,
          0.0,
          -0.0,
          0.0,
          0.0
        ],
        "resolution": [
          4608,
          5328
        ],
        "white_balance_coefficients": [
          1.0,
          1.0,
          1.0
        ]
      }
    },
    {
      "camera_id": "C1000",
      "camera_type": "color",
      "colorspace": "sRGB (IEC 61966-2-1)",
      "extrinsics": {
        "view_matrix": [
          -0.8376093256524876,
          -0.010483750329411672,
          -0.5461691208398879,
          -0.09325090814723358,
          0.06207091466038429,
          0.9915139621334053,
          -0.11422462277346276,
          1.2160144205256647,
          0.542731811425504,
          -0.12957682614397967,
          -0.8298506052255697,
          2.3738479939686687,
          0.0,
          0.0,
          0.0,
          1.0
        ]
      },
      "intrinsics": {
        "camera_matrix": [
          4568.41259765625,
          0.0,
          2256.177734375,
          0.0,
          4569.00390625,
          2686.140625,
          0.0,
          0.0,
          1.0
        ],
        "color_correction_matrix": [
          1.0,
          0.0,
          0.0,
          0.0,
          1.0,
          0.0,
          0.0,
          0.0,
          1.0
        ],
        "distortion_coefficients": [
          0.0,
          0.0,
          -0.0,
          0.0,
          0.0
        ],
        "resolution": [
          4608,
          5328
        ],
        "white_balance_coefficients": [
          1.0,
          1.0,
          1.0
        ]
      }
    },
    {
      "camera_id": "C0001",
      "camera_type": "color",
      "colorspace": "sRGB (IEC 61966-2-1)",
      "extrinsics": {
        "view_matrix": [
          -0.9493613944304576,
          -0.0064520396170313545,
          -0.3141199037785374,
          -0.011555294187052256,
          0.13329132965123183,
          0.8970863776675484,
          -0.42127123381869264,
          1.0611527195553627,
          0.28451074532408094,
          -0.44180810561611156,
          -0.8507991734875153,
          2.0421047244730737,
          0.0,
          0.0,
          0.0,
          1.0
        ]
      },
      "intrinsics": {
        "camera_matrix": [
          4580.68701171875,
          0.0,
          2249.451171875,
          0.0,
          4580.7197265625,
          2658.942138671875,
          0.0,
          0.0,
          1.0
        ],
        "color_correction_matrix": [
          1.0,
          0.0,
